Vector (12)  is as follows

     |        1  |
------------------
   0 |137.212 
   1 |4.78741 
   2 |2.39477 
   3 |2.06056 
   4 |1.4191 
   5 |1.07894 
   6 |0.92963 
   7 |0.775836 
   8 |0.651526 
   9 |0.451809 
  10 |0.292722 
  11 |0.257922 

 
EigenVectors are 

12x12 matrix is as follows

     |       0    |       1    |       2    |       3    |       4    |
----------------------------------------------------------------------
   0 |     0.2792     -0.3211     -0.4204      0.3237     -0.3295 
   1 |     0.2835     -0.3285     -0.2766      0.1527     0.01226 
   2 |     0.2896      -0.359     -0.1042    0.003179      0.1015 
   3 |     0.2942      -0.314    -0.01352     -0.2422      0.3091 
   4 |     0.2947     -0.2249      0.3015     -0.3934      0.1337 
   5 |     0.3002     -0.0871      0.5486     -0.1816     -0.2073 
   6 |      0.297     0.09649      0.3746      0.2989     -0.3691 
   7 |     0.2944      0.2412      0.1934      0.5018     0.02938 
   8 |     0.2903      0.3035   -0.001778      0.2308      0.4312 
   9 |     0.2855      0.3218      -0.162     -0.1123      0.2368 
  10 |     0.2811      0.3394     -0.2262     -0.1567      0.1839 
  11 |     0.2731      0.3534      -0.298     -0.4404     -0.5582 


     |       5    |       6    |       7    |       8    |       9    |
----------------------------------------------------------------------
   0 |    0.08779     -0.2341     -0.4851    -0.01799      -0.294 
   1 |     -0.485     -0.1797      0.4539      0.3482      0.2571 
   2 |     0.1209      0.4056   0.0006647      -0.529      0.3988 
   3 |     0.4451      0.1295      0.2035      0.0354     -0.2248 
   4 |   -0.04702    -0.02049     -0.1391      0.3985     -0.3368 
   5 |    -0.2184     -0.3067     -0.3288     -0.1918      0.3471 
   6 |   -0.06792      0.1965      0.4749     -0.1144     -0.2692 
   7 |     0.2202      0.1829     -0.1372       0.145      -0.074 
   8 |     0.2116     -0.1701    -0.09918       0.288      0.4087 
   9 |   -0.02591     -0.5481      0.2221     -0.4971     -0.2715 
  10 |    -0.5514      0.4814     -0.2747    -0.04501     -0.1732 
  11 |     0.3031     0.06304      0.1038      0.1885      0.2352 


     |      10    |      11    |
----------------------------------------------------------------------
   0 |     0.1975    -0.07232 
   1 |    -0.1657       0.153 
   2 |    -0.1978     -0.3301 
   3 |     0.2743      0.5264 
   4 |    -0.2611     -0.4865 
   5 |    0.09882      0.3294 
   6 |     0.3672     -0.2176 
   7 |    -0.5954      0.2887 
   8 |     0.4111     -0.2861 
   9 |    -0.2114    -0.06395 
  10 |     0.1719      0.1529 
  11 |    -0.0931  -1.349e-05 

